4.816361554843088
0.11661886276467828
0.11716103995879114
0.1169248247164728
0.11667824061373767
0.11685037831369999
0.116121057057424
0.11619904341084702
0.11641136037645701
0.1155787426345018
0.11622685643661224
0.11659760303998754
0.11610592459561946
0.11621458367579457
0.11594979428913746
0.11547006218743178
0.11567567398054233
0.1154802806687456
0.11509886975604201
0.11524597839556086
0.11558743664329613
0.11521875408588315
0.11529068956383895
0.11492179837887195
0.11507212381072214
0.11487787690181646
0.11434531596239966
0.11473962924241381
0.11467561382580295
0.11437595913773513
0.11439351399112534
0.11435053317331449
0.11355452830362467
0.11367128715205468
0.1137145031762029
0.1133437310771127
0.11354912535345957
0.1133427165664056
0.11209747714994381
0.11316130719157244
0.11259932104034473
0.11244597951990917
0.11256426738485564
0.11208872314253235
0.11224080268252261
0.11188283017996382
0.11206748116058166
0.1116019777702489
0.11152533838026832
0.1113629642214472
0.11134583170087982
0.11115136056487034
0.11076884920138358
0.11032118908685362
0.11036171772475586
0.1103746565114749
0.11014173003959991
0.11003384911202171
0.10967612501570317
0.10938908396237887
0.10951495133517491
0.10877567414896346
0.1086861877018665
0.10854394373317039
0.10820710004231286
0.10777783279768306
0.10705795525516903
0.10773794157394634
0.10699915102175345
0.10662894352205866
0.10641143152022163
0.10633313489061255
0.10537273762471688
0.10556413242829339
0.10542770710387418
0.10478383219949768
0.10449286509407223
0.10434969516612172
0.10402111430751927
0.10336188092758945
0.10340373084062095
0.10288176848149189
0.10245987505747399
0.10205790224361053
0.10152648844663566
0.10131956283703587
0.10089990452255546
0.0999746365125719
0.09963516694661889
0.09936271616707947
0.09913368193585304
0.09861239720232326
0.09793120072407609
0.0973151581668585
0.09712890073775239
0.09648136439307003
0.09597708098225045
0.09565932579679633
0.09443177391629924
0.094326818693854
0.09368155496142616
0.09319607583752908
0.09287695371598317
0.09192383116717112
0.09178205114737878
0.09113312687605075
0.09047512039665483
0.08983228760269847
0.08931609968112604
0.08848262961343874
0.08813064136895134
0.08753641675486089
0.08699963655840846
0.08596638043042475
0.08566782140260487
0.08499042441478927
0.08427664023492303
0.0835029496067226
0.08295155173368801
0.08243043472924687
0.08163605165874145
0.08105640099744132
0.08051256705631199
0.07977219622121726
0.07915263215970954
0.07856818839696665
0.0778035586921224
0.07721054173021562
0.0767412865342658
0.07596959485462133
0.0755058162004777
0.07477909901046038
0.07421529848962687
0.07338399575078527
0.07279102056765677
0.07236096434200193
0.0716646551013345
0.0709759646433901
0.07049384745445221
0.06990748610443577
0.06926062064531122
0.06856741126439575
0.06822140696090692
0.06743382422755959
0.06682854341269522
0.06658479450182737
0.06601791029945804
0.06545375223509035
0.06471854131279517
0.06429084334843115
0.06393482756061868
0.06319662050278856
0.06278995388021869
0.06234592757442842
0.06198314031903579
0.06131304950430652
0.06101170119648049
0.06066314515981606
0.06013055702551727
0.05972726301440904
0.05916240853709636
0.05883735662437407
0.058612293325368575
0.0579663912641771
0.05787388071733295
0.057444892075335825
0.05704011845797271
0.05683852852600355
0.056459713395512416
0.05610996110037603
0.05571324825905434
0.05547825394999472
0.05513504187490679
0.05500677052586597
0.05464210388972048
0.05447444332449369
0.05416991531666898
0.05384201816889616
0.053657023590259235
0.053427081887421624
0.05324576751979799
0.05285207001504025
0.052735825936100045
0.05259458786971636
0.05214471194623969
0.052081875979443304
0.05192487610470556
0.05179117169185174
0.05139939201116126
0.0513991323647905
0.051280841352704824
0.051093060458982646
0.05098381236049438
0.050846949073041964
0.05073531043894944
0.050438498038060095
0.050439132152400264
0.05027440668650699
0.05017759119774527
0.05000997519216249
0.04997021080536487
0.049836554210882074
0.04979963114942308
0.049743311796975415
0.04953151325010455
0.049344925659789464
0.049332230873597956
0.04936681526801813
0.049248148684250995
0.049182382825821484
0.049084303333368225
0.04896534515961328
0.048937334116231954
0.048625356482639444
0.04856122427603007
0.04868404179461024
0.04872165889787358
0.04839107581842151
0.04849574401160751
0.04852733497951835
0.04844933655750949
0.04828874820153068
0.04828423604188462
0.048256797223917874
0.04823722208165122
0.048157875268225674
0.048090504984061797
0.04813644742354932
0.04808509681281634
0.047922945377223185
0.04806258748277712
0.04798824792532989
0.04785859793977747
0.04791700246095184
0.04786184784819072
0.04779238556194223
0.04776832253228504
0.04774742744374958
0.047719404196638296
0.0476631995852303
0.04754985559518595
0.047590426695071054
0.047588008314647684
0.04755357995837867
0.047633775120577045
0.04754441814123645
0.047412636434035205
0.04740323714166393
0.04732369009372093
0.04728200475174491
0.04736664956292483
0.04722875784522796
0.04736954959403162
0.04723102447347336
0.047241098940440006
0.04727885137512697
0.04719092990508248
0.04725784780068042
0.04715273800963194
0.047234679269576495
0.04714517787069348
0.04692993132078704
0.047044562174258196
0.047060478636675805
0.04712523074847247
0.047095362070534136
0.046992476581289355
0.04707107178655357
0.046990990632090855
0.04689121007230769
0.04691705176151521
0.04678212236927719
0.046920897323085985
0.046724035685433464
0.04693329390478262
0.0467865205888074
0.046870604422730486
0.04652916707391576
0.04679279620216083
0.04670204631811965
0.046841909750730666
0.04673272554622428
0.046773745143932385
0.04661971072148264
0.04674268205059796
0.04672773952578228
0.046739517611400175
0.046664968624129104
0.046371262313392496
0.046798104885240235
0.046645836757107914
0.046641725826394274
0.04657128106272169
0.046465115589751874
0.04652063612069346
0.046567130053774664
0.04658372980531389
0.04636219506104457
0.04643160741260782
0.04646209338164926
0.04646432320426937
0.046466670634652985
0.04640900736828033
0.04637486598934379
0.046401774466246076
0.046338570087114256
0.04632383379376175
0.04629791536360008
0.04619511045658562
0.04625167895068263
0.046315486381697954
0.046195654678931816
0.046338402669612616
0.046225079200376044
0.046195214561038776
0.04616561961526905
0.04597153042851264
0.04612541007751301
0.046182098984052455
0.0461002886825708
0.04616430937433958
0.04595352475098031
0.04605323592394189
0.04610144468372356
0.04608156572205332
0.04609063041278272
0.04605723863832635
0.04572346460253623
0.04581219593534718
0.04595222192072063
0.045902433650563804
0.045933407394732076
0.0458799365587076
0.045899222081587115
0.045832964834722004
0.04579998010669608
0.045894547609169875
0.045735380930312326
0.045803506331623695
0.04569415252786579
0.04573804793855924
0.04563211234995791
0.045609141290567874
0.04575036763700897
0.045621342032533325
0.04562035274354963
0.045550099707745415
0.04562140809222458
0.04559884133638153
0.04542440854223155
0.045564037038436596
0.045519511951977884
0.045484608798768575
0.045300051809878054
0.04557109576403866
0.045412476054175296
0.045464095310258044
0.04539923081137445
0.04536756569899904
0.04528253501019126
0.04524273802620008
0.04524119842926712
0.04525967626454137
0.04522562545816118
0.04519519152704043
0.04523490312804844
0.04508796451482347
0.04508152353918791
0.0451287554787291
0.04514113036980424
0.045099140449328286
0.04511601579722013
0.045053114877092404
0.044966323156351636
0.04494229696709282
0.044955860682273426
0.044969779852157415
0.04498374864695539
0.04494440636585532
0.044946064307054
0.04486270555288869
0.04458728481574514
0.044825295015396616
0.04480130045495174
0.04463375867504425
0.044836578879011775
0.04463762295859178
0.04464801427829036
0.04467702027026737
0.04465018265525918
0.04457783237354231
0.04462804650408265
0.044550630082148185
0.044463325923877944
0.04444319205189629
0.0444397846857598
0.044461977550059234
0.04445537570518792
0.04433689707657772
0.04425406650225385
0.04437363258899103
0.0442697149784543
0.04436258028354945
0.044375514131119016
0.044236125963691766
0.04423427647085406
0.04413049891393226
0.04417140579131172
0.04409429161297619
0.04413465473161201
0.044064778309445385
0.0440567561634296
0.043849179937661485
0.04398939555447045
0.04396982002173637
0.04394640569306966
0.04389438121811193
0.043807147654076665
0.04396754814407901
0.0438221481158067
0.04387998861765973
0.04382566117736914
0.04371609746122865
0.04375878623350372
0.043636739629291904
0.04371466884418604
0.0435823187516945
0.04360178617272958
0.04362322015345884
0.04344006894603638
0.043499178350300975
0.043481201272600446
0.04349012726305123
0.04342877654457666
0.0433983154290437
0.04333201047788183
0.04319298461442765
0.0432780461380361
0.043328703895035965
0.043102598238611345
0.04326528110909539
0.04327850504398141
0.04319867840180447
0.0429605095938365
0.04317412114551413
0.04303492976870551
0.04296993043883562
0.042906852497204793
0.04290439504197131
0.043065179674348905
0.042920142104813166
0.042818089848523325
0.04290041469585321
0.04273446907856803
0.04282687871937446
0.0428108859909822
0.042793348907667283
0.04272297054002033
0.04277609833234962
0.04254853941308681
0.042685323356996166
0.042608389983141114
0.04257752019806403
0.042536981317004695
0.04253330456174187
0.04235641232519409
0.042559436076293554
0.042379196847180375
0.04239048288179895
0.0423972782733866
0.04236221554556087
0.04229719311359286
0.04237451389187746
0.04215941097560358
0.04220760030570983
0.04211491034648848
0.042008041812474445
0.042202148507874
0.042042986915772254
0.04196105385077632
0.0419968699237057
0.04199483333035148
0.04201194820470227
0.04186308449148875
0.04189536197945039
0.04192613287722989
0.041841812641123875
0.04183793009745742
0.04181954757417167
0.04178213770324593
0.04160730213956799
0.041669030742454455
0.041717266033071125
0.04165771799157685
0.04156617199455409
0.04153202159166975
0.04160207141363639
0.04145807420252631
0.041532565596056746
0.04150156573100155
0.04143584970569997
0.04139703993678722
0.04144303904902817
0.041277668282826994
0.04132891809775032
0.04126107281105364
0.0410734004850764
0.0412950372835428
0.04117220269257455
0.041087552310524945
0.04112118179566993
0.0411634486588788
0.04093167059729535
0.04107795750788536
0.0410085987709893
0.040993112159914254
0.040872659357663765
0.040967666276400555
0.04081855717202588
0.04072658023466042
0.040853014143624
0.04079773105075704
0.04079116687689209
0.040794568794861735
0.04073565359019447
0.040609980989196964
0.04065684061512267
0.040635346994856755
0.04047463555506078
0.04065956211132278
0.04059663290999688
0.040552764163422586
0.0404568203965662
0.04036964494660479
0.040346249134738776
0.04030545391717788
0.04043936244659746
0.04035907303066028
0.0402710462267625
0.04035652428181693
0.04029799062367266
0.04025394669856434
0.040351180433731024
0.04013571484863691
0.04019350481713048
0.04012113213897316
0.04008934202202372
0.04009546858817778
0.04008837930507764
0.04006939069799009
0.04008833936748635
0.039904077713012055
0.040016500106250116
0.03984761614381173
0.03994073809519218
0.03982282309085869
0.039937816665667085
0.039765967801798745
0.03987044056892334
0.03986759381835702
0.0396983148514148
0.039756702861203516
0.039751924576644435
0.03965267628395071
0.03958698245698727
0.03977924052541529
0.03964974832553274
0.03970495076421619
0.03962007993316268
0.03948061826057178
0.03949833138165979
0.03957993972497094
0.03957853362782044
0.03947087076472644
0.03942698190293708
0.03950321133345505
0.039359739566217834
0.039437352355885066
0.039392841240856194
0.03933826610058786
0.039328143336412144
0.0393753504339368
0.03921886964152684
0.039291856017867687
0.039163395025295006
0.03922916057637112
0.03923085022174637
0.03921095658135829
0.039176004786095876
0.039209072321737766
0.039152480403890605
0.03921190391516446
0.039155375041133714
0.0390904563775275
0.03907888348403016
0.03907434913369618
0.03903178811711791
0.03900540410146229
0.03903031339883154
0.03898044489975254
0.03892154522122069
0.038896472492632596
0.038897954088021
0.03884482972758397
0.03893193027996171
0.03884743527667551
0.03883715546265909
0.0388367693023598
0.03876703610871686
0.038702214326512656
0.038749247752163526
0.038707936975366834
0.0387993518654306
0.03877836069830602
0.0386425447162003
0.038642684113533256
0.03865104818898833
0.03869833325939899
0.038648776797107515
0.03868234405544915
0.03862168927542544
0.038635378679130965
0.0385895481272813
0.0386442283822208
0.038552155767273236
0.03852201350865255
0.038416794207898314
0.03844229150500027
0.03844236240731671
0.03838485485959011
0.03850365796424168
0.03852716700113818
0.03848283114182358
0.038383516824658584
0.03845639414134847
0.03841353640317272
0.038463850504680513
0.038324109208446824
0.038419034372616706
0.038397151548963435
0.03838184075520791
0.038291050593117035
0.03832140285064244
0.03837046253289374
0.03815032617064647
0.03842390819801822
0.038279044680879434
0.038249190890672205
0.03820535954223811
0.0383314203109151
0.03817259613227544
0.038169099031323185
0.03812583087253615
0.03819983430461099
0.038220739588758934
0.03820525963219529
0.03817001193331851
0.03808931164707973
0.03810842150219805
0.03813296433504157
0.03806673679293857
0.03813788770481017
0.03811813293147869
0.038153680214156806
0.03813735918974499
0.038065807567966486
0.037939676550644785
0.03800439380960997
0.038109865049363194
0.03800466374628961
0.03798714802153704
0.03803478473471125
0.038042779296689165
0.038065541689075735
0.037869631074654755
0.037999684985936706
0.03792349132691744
0.03794131469880079
0.03794031653897497
0.03797205203253444
0.03785221578737933
0.03793580685786514
0.037933129928515164
0.03793344568864273
0.03793596640083617
0.03789128579748442
0.037977861086236325
0.03785334267609626
0.03792262967960319
0.03791906119623911
0.03780047646887224
0.037908647581908754
0.03787335032404994
0.03787806806649799
0.03782959148818367
0.03786546810319548
0.03784898841333047
0.03775184164695245
0.037716764885540086
0.03781298818792599
0.03775896671968879
0.037819555327347126
0.03771403274095923
0.037808070811146705
0.03779201433048638
0.037784475912515415
0.037780798778960664
0.03770008909073513
0.037669465779860335
0.03775767097760818
0.03779126809490651
0.0377370815674047
0.037708916781596796
0.03769018600305041
0.03773639310679337
0.037620572860798895
0.03778223346236622
0.03758820586757307
0.03771375907154072
0.0377199116440916
0.03771565871556016
0.03772677944325441
0.03767491363219318
0.03759229533885819
0.03764972830945783
0.03762984727393593
0.037637886335906506
0.03755301396000007
0.03762238607338472
0.03766326996253225
0.03761443772014207
0.037650893819290356
0.0376606789475839
0.03758584480223658
0.03750736629359597
0.03755356347161599
0.03762931291191316
0.03761880298708201
0.037550521392452844
0.03752377977042432
0.03759362697436221
0.03756712541786079
0.03761905971842903
0.03760549351281188
0.0376245694544072
0.03749053066759067
0.037542432442060694
0.03753751347065965
0.03755376474503063
0.03751813808284177
0.037536377996301475
0.03756304009678812
0.03755310470181626
0.03760667681541265
0.037469713354289474
0.03756904750138622
0.03748195851602493
0.03753328546391647
0.03753756165774353
0.03748026593650971
0.03752392069015625
0.03740739694560394
0.03737886431365922
0.03743016714392872
0.03747159908335664
0.03755426178716495
0.03750576916633014
0.03740100610189264
0.0375250283073271
0.037484909133390434
0.03741428351453284
0.037472285032731714
0.037476681501986665
0.037364285828626304
0.03746804837522355
0.03743978356780268
0.03740437074458175
0.03747115768411912
0.03747559919815698
0.0374283260324154
0.03747343045079441
0.03747016744603096
0.037427672864030044
0.0373631413380865
0.0373811314004886
0.03741055675276097
0.03746990287463737
0.03745863007338092
0.03741881818826889
0.03729967579277546
0.0374473521531784
0.03740116458402491
0.037393822484195705
0.03739672561585542
0.037361694510461084
0.0373922104800119
0.037415541496390425
0.03732262874481567
0.0374124008502461
0.037397561659894635
0.03741154438750302
0.037248071454483486
0.037427547233191735
0.03741022774551921
0.037399841926732395
0.03738230565318489
0.03731124000506849
0.037397749339196325
0.03736774625725701
0.03731044262089181
0.03740912408568203
0.03712665436566166
0.03737789246647803
0.037329946432733255
0.03734435374055327
0.03732009716180673
0.037333807869370045
0.0372371012486737
0.037371891583522714
0.03735111177336936
0.037365799896441364
0.03734641255659267
0.037346884654444676
0.037296963904654985
0.03735267141178561
0.0373634747336808
0.037325893191599895
0.037260978042740034
0.037324030736029794
0.03732649036665531
0.03735038340761964
0.03729749304465409
0.03732602234213079
0.037329940030091865
0.0373444032691035
0.03728860882880182
0.03735524016159698
0.037196366896682494
0.03734740762844713
0.037361145256156025
0.03729437408178788
0.03729916184564683
0.03722092782698352
0.037259314316740684
0.03716325402106664
0.037231680749762366
0.03725959451227526
0.03724050083810585
0.037101711550799714
0.037094394180228925
0.037244553287455844
0.03732277237459129
0.03724644667866029
0.037160065155149545
0.037308974832124836
0.03719119635813085
0.037299248570957844
0.03719987475442271
0.03727408293768737
0.037178922985047026
0.03727813642665284
0.03729266457711428
0.037312167514689375
0.037189609406311046
0.037154015120248685
0.03728388814658894
0.03725053362484664
0.03726242509598498
0.03725040094820011
0.03723278487255705
0.03725981929713903
0.03720960254189164
0.03719522949756809
0.03725835201436856
0.037254602068982755
0.03725065974440759
0.037249649562801565
0.0372907555666952
0.03728057687865955
0.037233285705110086
0.03719672414567483
0.037213362524494996
0.037181095740089945
0.037105043274367554
0.037283604253296174
0.03720140822488914
0.03716353193937864
0.0370952371734561
0.03726891766541385
0.037201305773304334
0.03720375579796218
0.0371936053528086
0.037204677296177054
0.03726063123310077
0.037104376492336714
0.03711555884091441
0.03721857358954059
0.03719492428669629
0.0372364415521905
0.03721787396670259
0.037167805773329385
0.03726361815607024
0.03722602580593108
0.03715432909806981
0.037265937548011725
0.03720536971214623
0.03715989568898178
0.03717913133631031
0.03724497798957136
0.03704570502774513
0.03726833721595372
0.03719482995051976
0.037142641123718755
0.037236438745779296
0.03719434089812824
0.03713190893030163
0.03706889391799232
0.03713838116114869
0.037251559645717205
0.037129985790292794
0.03720591464752029
0.03715840139126233
0.03715263354051878
0.03711743274999022
0.03718401041391529
0.03705654568061778
0.03717642456333607
0.03714663339313292
0.03713365886913278
0.03717993854512238
0.03717798373710563
0.037191025296890515
0.03702775990881462
0.037191575430153556
0.03723764210365035
0.03710246605099172
0.037168317528424796
0.03714056653393818
0.03713525322995125
0.03714939853535722
0.03717771329252593
0.03712807556860308
0.037162968519897664
0.037107931634574064
0.03716055507721967
0.03718344289320553
0.03716654868855812
0.037147173635270106
0.03718353463520085
0.03717551138572475
0.03710232198319567
0.03706052459075827
0.037138635429930254
0.03712372302639156
0.03711505822456622
0.037121686131316216
0.037111152881926984
0.03719528424719891
0.037028866198774504
0.03713852363291512
0.03719939026022228
0.037061031519296794
0.037147008320187795
0.03718568707665459
0.037127101921658086
0.03713766850250224
0.037011565927989654
0.03706964328133286
0.03705166116536567
0.03711440082179728
0.03716454446739974
0.03708291281591324
0.037126853950902414
0.037087453030772224
0.037102283213978834
0.03710751411610085
0.03712354759301652
0.03709723294312087
0.03703092081359289
0.03714250429799729
0.037153419681124955
0.03709227524158123
0.03716915501443595
0.037056449367335334
0.03713447124058744
0.037114681803216955
0.03718188641451257
0.03714007962824091
0.03706832104845967
0.03701864719298211
0.03712954977737115
0.03708739123342558
0.03703317463766437
0.037167933709637786
0.03697728728473983
0.037119930435246765
0.03702726984673954
0.03702864022585679
0.03708991032227139
0.03707435717431237
